1
2 2

2
3 6
4 4

3
4 12
6 6

4
6 12
5 20
8 8

5
6 30
10 10

6
10 15
7 42
8 24
9 18
12 12

7
8 56
14 14

8
10 40
9 72
12 24
16 16

9
10 90
12 36
18 18

10
14 35
12 60
15 30
11 110
20 20

11
12 132
22 22

12
14 84
21 28
15 60
20 30
13 156
16 48
18 36
24 24

13
14 182
26 26

14
18 63
15 210
21 42
16 112
28 28

15
16 240
24 40
20 60
18 90
30 30

16
18 144
20 80
24 48
17 272
32 32

17
18 306
34 34

18
22 99
21 126
20 180
30 45
19 342
24 72
27 54
36 36

19
20 380
38 38

20
22 220
21 420
36 45
28 70
24 120
30 60
25 100
40 40

21
22 462
30 70
24 168
28 84
42 42

22
26 143
24 264
33 66
23 506
44 44

23
24 552
46 46

24
26 312
33 88
28 168
25 600
42 56
30 120
40 60
27 216
32 96
36 72
48 48

25
26 650
30 150
50 50

26
30 195
27 702
28 364
39 78
52 52

27
28 756
30 270
36 108
54 54

28
30 420
44 77
36 126
35 140
42 84
29 812
32 224
56 56

29
30 870
58 58

30
34 255
39 130
33 330
55 66
35 210
42 105
31 930
32 480
36 180
40 120
45 90
48 80
50 75
60 60

31
32 992
62 62

32
34 544
33 1056
36 288
40 160
48 96
64 64

33
34 1122
42 154
36 396
44 132
66 66

34
38 323
36 612
35 1190
51 102
68 68

35
36 1260
60 84
40 280
42 210
70 70

36
38 684
39 468
52 117
44 198
42 252
40 360
63 84
45 180
60 90
37 1332
48 144
54 108
72 72

37
38 1406
74 74

38
42 399
39 1482
40 760
57 114
76 76

39
40 1560
48 208
42 546
52 156
78 78

40
42 840
44 440
65 104
45 360
72 90
56 140
48 240
60 120
41 1640
50 200
80 80

41
42 1722
82 82

42
46 483
51 238
44 924
78 91
45 630
60 140
70 105
43 1806
48 336
49 294
54 189
56 168
63 126
84 84

43
44 1892
86 86

44
46 1012
45 1980
60 165
52 286
55 220
48 528
66 132
88 88

45
48 720
70 126
72 120
60 180
50 450
54 270
90 90

46
50 575
48 1104
69 138
92 92

47
94 94

48
50 1200
57 304
51 816
52 624
66 176
56 336
84 112
60 240
80 120
54 432
64 192
72 144
96 96

49
56 392
98 98

50
54 675
52 1300
55 550
70 175
60 300
75 150
100 100

51
60 340
68 204
54 918
102 102

52
54 1404
68 221
60 390
56 728
65 260
78 156
104 104

53
106 106

54
58 783
57 1026
66 297
56 1512
63 378
60 540
90 135
72 216
81 162
108 108

55
80 176
60 660
66 330
110 110

56
58 1624
60 840
105 120
63 504
88 154
72 252
70 280
84 168
64 448
112 112

57
66 418
60 1140
76 228
114 114

58
62 899
60 1740
87 174
116 116

59
118 118

60
62 1860
69 460
76 285
68 510
85 204
65 780
78 260
66 660
63 1260
110 132
70 420
84 210
105 140
64 960
72 360
75 300
80 240
90 180
96 160
100 150
108 135
120 120

61
122 122

62
66 1023
93 186
64 1984
124 124

63
66 1386
112 144
70 630
90 210
72 504
84 252
126 126

64
68 1088
72 576
80 320
96 192
128 128

65
90 234
70 910
78 390
130 130

66
70 1155
75 550
69 1518
102 187
78 429
77 462
84 308
110 165
72 792
88 264
99 198
132 132

67
134 134

68
84 357
76 646
72 1224
85 340
102 204
136 136

69
78 598
72 1656
92 276
138 138

70
74 1295
95 266
119 170
77 770
90 315
75 1050
84 420
105 210
120 168
80 560
98 245
140 140

71
142 142

72
75 1800
76 1368
78 936
136 153
104 234
88 396
99 264
84 504
80 720
126 168
90 360
120 180
81 648
96 288
108 216
144 144

73
146 146

74
78 1443
111 222
148 148

75
84 700
78 1950
80 1200
120 200
100 300
90 450
150 150

76
92 437
84 798
80 1520
95 380
114 228
152 152

77
126 198
84 924
88 616
154 154

78
82 1599
87 754
114 247
84 1092
91 546
90 585
130 195
96 416
104 312
117 234
156 156

79
158 158

80
84 1680
105 336
85 1360
88 880
130 208
90 720
144 180
112 280
96 480
120 240
100 400
160 160

81
90 810
108 324
162 162

82
86 1763
123 246
164 164

83
166 166

84
93 868
100 525
92 966
102 476
133 228
91 1092
88 1848
156 182
132 231
90 1260
105 420
120 280
140 210
96 672
98 588
108 378
112 336
126 252
147 196
168 168

85
110 374
90 1530
102 510
170 170

86
90 1935
129 258
172 172

87
96 928
116 348
174 174

88
152 209
120 330
104 572
99 792
110 440
96 1056
132 264
176 176

89
178 178

90
115 414
95 1710
102 765
171 190
117 390
99 990
110 495
165 198
105 630
126 315
140 252
96 1440
100 900
108 540
120 360
135 270
144 240
150 225
180 180

91
140 260
104 728
98 1274
182 182

92
108 621
100 1150
115 460
138 276
184 184

93
102 1054
124 372
186 186

94
141 282
188 188

95
120 456
114 570
100 1900
190 190

96
105 1120
114 608
102 1632
104 1248
132 352
112 672
168 224
120 480
160 240
108 864
128 384
144 288
192 192

97
194 194

98
105 1470
126 441
147 294
112 784
196 196

99
180 220
126 462
110 990
108 1188
132 396
198 198

100
116 725
108 1350
110 1100
180 225
140 350
120 600
150 300
125 500
200 200

101
202 202

102
111 1258
138 391
114 969
119 714
120 680
170 255
108 1836
136 408
153 306
204 204

103
206 206

104
168 273
136 442
120 780
117 936
112 1456
130 520
156 312
208 208

105
114 1330
130 546
154 330
112 1680
120 840
168 280
140 420
180 252
126 630
150 350
210 210

106
159 318
212 212

107
214 214

108
124 837
116 1566
117 1404
156 351
132 594
126 756
120 1080
189 252
135 540
180 270
144 432
162 324
216 216

109
218 218

110
135 594
210 231
130 715
154 385
120 1320
132 660
165 330
121 1210
160 352
220 220

111
120 1480
148 444
222 222

112
161 368
119 1904
120 1680
210 240
126 1008
176 308
144 504
140 560
168 336
128 896
224 224

113
226 226

114
123 1558
150 475
132 836
126 1197
133 798
190 285
152 456
171 342
228 228

115
140 644
138 690
230 230

116
132 957
124 1798
145 580
174 348
232 232

117
198 286
144 624
126 1638
130 1170
156 468
234 234

118
177 354
236 236

119
168 408
136 952
238 238

120
129 1720
145 696
138 920
184 345
152 570
136 1020
170 408
130 1560
156 520
132 1320
195 312
165 440
220 264
140 840
168 420
210 280
128 1920
135 1080
144 720
150 600
160 480
180 360
192 320
200 300
216 270
240 240

121
132 1452
242 242

122
183 366
244 244

123
132 1804
164 492
246 246

124
140 1085
155 620
186 372
248 248

125
150 750
250 250

126
138 1449
175 450
207 322
153 714
154 693
234 273
135 1890
140 1260
180 420
210 315
144 1008
147 882
162 567
168 504
189 378
224 288
252 252

127
254 254

128
144 1152
160 640
192 384
256 256

129
138 1978
172 516
258 258

130
155 806
230 299
143 1430
180 468
140 1820
182 455
150 975
156 780
195 390
260 260

131
262 262

132
148 1221
150 1100
253 276
143 1716
204 374
156 858
154 924
168 616
231 308
165 660
180 495
220 330
144 1584
176 528
198 396
264 264

133
182 494
152 1064
266 266

134
201 402
268 268

135
160 864
210 378
216 360
180 540
150 1350
162 810
270 270

136
200 425
168 714
152 1292
153 1224
170 680
204 408
272 272

137
274 274

138
174 667
150 1725
156 1196
161 966
230 345
184 552
207 414
276 276

139
278 278

140
156 1365
165 924
189 540
190 532
238 340
154 1540
220 385
180 630
252 315
168 840
210 420
240 336
160 1120
175 700
196 490
280 280

141
188 564
282 282

142
213 426
284 284

143
264 312
154 2002
156 1716
286 286

144
225 400
171 912
156 1872
272 306
208 468
176 792
198 528
168 1008
160 1440
252 336
180 720
240 360
162 1296
192 576
216 432
288 288

145
170 986
174 870
290 290

146
219 438
292 292

147
210 490
168 1176
196 588
294 294

148
164 1517
185 740
222 444
296 296

149
298 298

150
186 775
170 1275
195 650
165 1650
168 1400
275 330
175 1050
210 525
180 900
200 600
225 450
240 400
250 375
300 300

151
302 302

152
216 513
184 874
168 1596
171 1368
190 760
228 456
304 304

153
234 442
180 1020
170 1530
204 612
306 306

154
203 638
275 350
182 1001
198 693
252 396
168 1848
231 462
176 1232
308 308

155
180 1116
186 930
310 310

156
172 1677
174 1508
300 325
228 494
204 663
182 1092
180 1170
273 364
195 780
260 390
192 832
208 624
234 468
312 312

157
314 314

158
237 474
316 316

159
212 636
318 318

160
185 1184
210 672
176 1760
260 416
180 1440
288 360
224 560
192 960
240 480
200 800
320 320

161
210 690
184 1288
322 322

162
198 891
189 1134
180 1620
270 405
216 648
243 486
324 324

163
326 326

164
180 1845
205 820
246 492
328 328

165
190 1254
286 390
240 528
210 770
264 440
180 1980
220 660
198 990
330 330

166
249 498
332 332

167
334 334

168
186 1736
217 744
232 609
200 1050
184 1932
204 952
266 456
231 616
312 364
264 462
210 840
240 560
280 420
315 360
189 1512
192 1344
196 1176
216 756
224 672
252 504
294 392
336 336

169
338 338

170
195 1326
270 459
190 1615
187 1870
220 748
238 595
204 1020
255 510
340 340

171
252 532
198 1254
190 1710
228 684
342 342

172
188 2021
215 860
258 516
344 344

173
346 346

174
210 1015
203 1218
290 435
192 1856
232 696
261 522
348 348

175
224 800
300 420
200 1400
210 1050
350 350

176
297 432
304 418
240 660
208 1144
198 1584
220 880
264 528
352 352

177
236 708
354 354

178
267 534
356 356

179
358 358

180
205 1476
261 580
207 1380
230 828
228 855
204 1530
255 612
342 380
234 780
198 1980
260 585
220 990
330 396
210 1260
252 630
280 504
315 420
200 1800
216 1080
225 900
240 720
270 540
288 480
300 450
324 405
360 360

181
362 362

182
231 858
351 378
210 1365
234 819
280 520
273 546
208 1456
364 364

183
244 732
366 366

184
248 713
216 1242
207 1656
230 920
276 552
368 368

185
210 1554
222 1110
370 370

186
222 1147
217 1302
310 465
248 744
279 558
372 372

187
308 476
374 374

188
235 940
282 564
376 376

189
238 918
336 432
210 1890
270 630
216 1512
252 756
378 378

190
215 1634
290 551
210 1995
266 665
228 1140
240 912
285 570
380 380

191
382 382

192
228 1216
264 704
224 1344
336 448
240 960
320 480
216 1728
256 768
288 576
384 384

193
386 386

194
291 582
388 388

195
220 1716
364 420
240 1040
312 520
260 780
234 1170
270 702
390 390

196
308 539
252 882
245 980
294 588
224 1568
392 392

197
394 394

198
279 682
225 1650
319 522
306 561
234 1287
231 1386
252 924
220 1980
330 495
360 440
242 1089
264 792
297 594
396 396

199
398 398

200
264 825
232 1450
325 520
225 1800
360 450
280 700
240 1200
300 600
250 1000
400 400

201
268 804
402 402

202
303 606
404 404

203
252 1044
232 1624
406 406

204
348 493
276 782
228 1938
238 1428
252 1071
240 1360
357 476
255 1020
340 510
272 816
306 612
408 408

205
230 1886
246 1230
410 410

206
309 618
412 412

207
288 736
234 1794
276 828
414 414

208
377 464
336 546
272 884
240 1560
234 1872
260 1040
312 624
416 416

209
330 570
418 418

210
235 1974
246 1435
259 1110
310 651
406 435
238 1785
285 798
255 1190
260 1092
357 510
273 910
308 660
390 455
385 462
240 1680
245 1470
252 1260
270 945
280 840
294 735
300 700
315 630
336 560
350 525
360 504
420 420

211
422 422

212
265 1060
318 636
424 424

213
284 852
426 426

214
321 642
428 428

215
258 1290
430 430

216
280 945
248 1674
408 459
312 702
264 1188
297 792
252 1512
378 504
270 1080
360 540
243 1944
288 864
324 648
432 432

217
266 1178
248 1736
434 434

218
327 654
436 436

219
292 876
438 438

220
270 1188
341 620
420 462
260 1430
396 495
308 770
264 1320
300 825
330 660
275 1100
320 704
440 440

221
390 510
442 442

222
258 1591
259 1554
370 555
296 888
333 666
444 444

223
446 446

224
273 1248
322 736
420 480
252 2016
352 616
288 1008
280 1120
336 672
256 1792
448 448

225
306 850
350 630
360 600
300 900
270 1350
450 450

226
339 678
452 452

227
454 454

228
372 589
300 950
276 1311
264 1672
266 1596
399 532
285 1140
380 570
304 912
342 684
456 456

229
458 458

230
330 759
280 1288
322 805
276 1380
345 690
460 460

231
280 1320
352 672
330 770
264 1848
308 924
294 1078
378 594
462 462

232
296 1073
264 1914
290 1160
348 696
464 464

233
466 466

234
315 910
403 558
342 741
286 1287
396 572
273 1638
270 1755
390 585
288 1248
312 936
351 702
468 468

235
282 1410
470 470

236
295 1180
354 708
472 472

237
316 948
474 474

238
287 1394
434 527
306 1071
336 816
357 714
272 1904
476 476

239
478 478

240
290 1392
276 1840
465 496
285 1520
368 690
304 1140
340 816
312 1040
390 624
330 880
440 528
280 1680
315 1008
336 840
420 560
288 1440
300 1200
320 960
360 720
384 640
400 600
432 540
480 480

241
482 482

242
286 1573
363 726
484 484

243
324 972
486 486

244
305 1220
366 732
488 488

245
420 588
280 1960
294 1470
490 490

246
282 1927
287 1722
410 615
328 984
369 738
492 492

247
416 608
494 494

248
312 1209
310 1240
372 744
496 496

249
332 996
498 498

250
350 875
300 1500
375 750
500 500

251
502 502

252
301 1548
333 1036
300 1575
350 900
414 644
306 1428
399 684
364 819
308 1386
468 546
396 693
315 1260
360 840
420 630
288 2016
294 1764
324 1134
336 1008
378 756
441 588
448 576
504 504

253
374 782
506 506

254
381 762
508 508

255
480 544
330 1122
408 680
300 1700
340 1020
306 1530
510 510

256
320 1280
384 768
512 512

257
514 514

258
301 1806
430 645
344 1032
387 774
516 516

259
308 1628
518 518

260
310 1612
429 660
460 598
340 1105
360 936
468 585
364 910
300 1950
312 1560
390 780
325 1300
520 520

261
342 1102
348 1044
522 522

262
393 786
524 524

263
526 526

264
328 1353
385 840
506 552
456 627
408 748
312 1716
308 1848
336 1232
462 616
330 1320
360 990
440 660
352 1056
363 968
396 792
528 528

265
318 1590
530 530

266
315 1710
462 627
364 988
342 1197
399 798
532 532

267
356 1068
534 534

268
335 1340
402 804
536 536

269
538 538

270
370 999
345 1242
513 570
351 1170
330 1485
495 594
315 1890
378 945
420 756
320 1728
324 1620
360 1080
405 810
432 720
450 675
540 540

271
542 542

272
528 561
400 850
336 1428
340 1360
408 816
544 544

273
322 1794
442 714
420 780
336 1456
390 910
364 1092
546 546

274
411 822
548 548

275
396 900
400 880
330 1650
550 550

276
420 805
348 1334
322 1932
483 644
345 1380
460 690
324 1863
368 1104
414 828
552 552

277
554 554

278
417 834
556 556

279
360 1240
372 1116
558 558

280
329 1880
344 1505
330 1848
378 1080
380 1064
476 680
455 728
440 770
360 1260
504 630
336 1680
420 840
480 672
525 600
350 1400
392 980
560 560

281
562 562

282
329 1974
470 705
376 1128
423 846
564 564

283
566 566

284
355 1420
426 852
568 568

285
510 646
360 1368
456 760
380 1140
342 1710
570 570

286
407 962
455 770
429 858
528 624
338 1859
572 572

287
336 1968
574 574

288
369 1312
450 800
342 1824
544 612
416 936
352 1584
396 1056
336 2016
504 672
360 1440
480 720
384 1152
432 864
576 576

289
578 578

290
390 1131
340 1972
406 1015
348 1740
435 870
580 580

291
388 1164
582 582

292
365 1460
438 876
584 584

293
586 586

294
357 1666
546 637
420 980
490 735
378 1323
392 1176
441 882
588 588

295
354 1770
590 590

296
360 1665
370 1480
444 888
592 592

297
418 1026
540 660
378 1386
396 1188
594 594

298
447 894
596 596

299
468 828
598 598

300
444 925
372 1550
380 1425
425 1020
390 1300
550 660
420 1050
525 700
360 1800
375 1500
400 1200
450 900
480 800
500 750
540 675
600 600

301
602 602

302
453 906
604 604

303
404 1212
606 606

304
560 665
432 1026
368 1748
380 1520
456 912
608 608

305
366 1830
610 610

306
387 1462
595 630
414 1173
374 1683
468 884
510 765
408 1224
459 918
612 612

307
614 614

308
429 1092
406 1276
550 700
420 1155
364 2002
396 1386
504 792
385 1540
462 924
484 847
616 616

309
412 1236
618 618

310
410 1271
434 1085
372 1860
465 930
620 620

311
622 622

312
376 1833
481 888
600 650
456 988
408 1326
429 1144
504 819
546 728
390 1560
520 780
384 1664
416 1248
468 936
624 624

313
626 626

314
471 942
628 628

315
396 1540
390 1638
462 990
560 720
504 840
420 1260
540 756
378 1890
450 1050
490 882
630 630

316
395 1580
474 948
632 632

317
634 634

318
530 795
424 1272
477 954
636 636

319
440 1160
638 638

320
420 1344
520 832
576 720
448 1120
384 1920
480 960
400 1600
640 640

321
428 1284
642 642

322
518 851
420 1380
414 1449
483 966
644 644

323
612 684
646 646

324
468 1053
396 1782
567 756
405 1620
540 810
432 1296
486 972
648 648

325
494 950
450 1170
390 1950
650 650

326
489 978
652 652

327
436 1308
654 654

328
392 2009
410 1640
492 984
656 656

329
658 658

330
430 1419
451 1230
555 814
510 935
429 1430
572 780
420 1540
462 1155
630 693
396 1980
405 1782
440 1320
480 1056
495 990
528 880
550 825
605 726
660 660

331
662 662

332
415 1660
498 996
664 664

333
414 1702
444 1332
666 666

334
501 1002
668 668

335
402 2010
670 670

336
434 1488
592 777
464 1218
483 1104
408 1904
532 912
462 1232
624 728
528 924
420 1680
480 1120
560 840
630 720
432 1512
448 1344
504 1008
588 784
672 672

337
674 674

338
507 1014
676 676

339
452 1356
678 678

340
629 740
540 918
420 1785
440 1496
612 765
476 1190
510 1020
425 1700
680 680

341
462 1302
682 682

342
423 1786
666 703
450 1425
418 1881
504 1064
570 855
456 1368
513 1026
684 684

343
686 686

344
430 1720
516 1032
688 688

345
570 874
420 1932
552 920
460 1380
690 690

346
519 1038
692 692

347
694 694

348
492 1189
609 812
435 1740
580 870
464 1392
522 1044
696 696

349
698 698

350
546 975
475 1330
595 850
450 1575
525 1050
600 840
448 1600
490 1225
700 700

351
520 1080
594 858
432 1872
468 1404
702 702

352
473 1376
594 864
608 836
480 1320
440 1760
528 1056
704 704

353
706 706

354
590 885
472 1416
531 1062
708 708

355
710 710

356
445 1780
534 1068
712 712

357
646 798
510 1190
504 1224
476 1428
714 714

358
537 1074
716 716

359
718 718

360
441 1960
522 1160
460 1656
552 1035
456 1710
510 1224
684 760
468 1560
680 765
520 1170
440 1980
585 936
495 1320
660 792
504 1260
560 1008
630 840
450 1800
480 1440
540 1080
576 960
600 900
648 810
720 720

361
722 722

362
543 1086
724 724

363
462 1694
484 1452
726 726

364
533 1148
462 1716
702 756
476 1547
572 1001
468 1638
455 1820
560 1040
546 1092
728 728

365
730 730

366
610 915
488 1464
549 1098
732 732

367
734 734

368
624 897
496 1426
460 1840
552 1104
736 736

369
492 1476
738 738

370
470 1739
518 1295
555 1110
740 740

371
742 742

372
516 1333
651 868
465 1860
620 930
496 1488
558 1116
744 744

373
746 746

374
495 1530
663 858
616 952
561 1122
748 748

375
600 1000
500 1500
750 750

376
470 1880
564 1128
752 752

377
546 1218
754 754

378
574 1107
525 1350
621 966
476 1836
702 819
540 1260
630 945
486 1701
504 1512
567 1134
672 864
756 756

379
758 758

380
741 780
580 1102
684 855
532 1330
480 1824
570 1140
475 1900
760 760

381
508 1524
762 762

382
573 1146
764 764

383
766 766

384
528 1408
672 896
480 1920
640 960
512 1536
576 1152
768 768

385
506 1610
630 990
560 1232
660 924
770 770

386
579 1158
772 772

387
516 1548
774 774

388
485 1940
582 1164
776 776

389
778 778

390
490 1911
559 1290
615 1066
690 897
570 1235
715 858
546 1365
728 840
507 1690
520 1560
540 1404
585 1170
624 1040
650 975
780 780

391
680 920
782 782

392
735 840
616 1078
504 1764
490 1960
588 1176
784 784

393
524 1572
786 786

394
591 1182
788 788

395
790 790

396
517 1692
558 1364
638 1044
759 828
612 1122
572 1287
504 1848
693 924
495 1980
540 1485
660 990
720 880
528 1584
594 1188
792 792

397
794 794

398
597 1194
796 796

399
760 840
546 1482
570 1330
532 1596
798 798

400
656 1025
528 1650
525 1680
650 1040
720 900
560 1400
600 1200
500 2000
800 800

401
802 802

402
670 1005
536 1608
603 1206
804 804

403
572 1364
806 806

404
505 2020
606 1212
808 808

405
630 1134
648 1080
540 1620
810 810

406
602 1247
522 1827
609 1218
812 812

407
528 1776
814 814

408
697 984
696 986
600 1275
552 1564
561 1496
714 952
680 1020
544 1632
612 1224
816 816

409
818 818

410
574 1435
615 1230
820 820

411
548 1644
822 822

412
618 1236
824 824

413
826 826

414
738 943
522 2001
690 1035
552 1656
576 1472
621 1242
828 828

415
830 830

416
585 1440
754 928
672 1092
544 1768
624 1248
832 832

417
556 1668
834 834

418
539 1862
779 902
660 1140
627 1254
836 836

419
838 838

420
564 1645
645 1204
820 861
620 1302
812 870
532 1995
570 1596
665 1140
595 1428
714 1020
546 1820
616 1320
780 910
660 1155
770 924
540 1890
560 1680
567 1620
588 1470
600 1400
630 1260
672 1120
700 1050
720 1008
735 980
756 945
840 840

421
842 842

422
633 1266
844 844

423
564 1692
846 846

424
636 1272
848 848

425
714 1050
550 1870
850 850

426
710 1065
568 1704
639 1278
852 852

427
854 854

428
642 1284
856 856

429
550 1950
598 1518
546 2002
792 936
572 1716
858 858

430
602 1505
645 1290
860 860

431
862 862

432
688 1161
560 1890
675 1200
816 918
624 1404
594 1584
756 1008
720 1080
576 1728
648 1296
864 864

433
866 866

434
630 1395
558 1953
651 1302
868 868

435
660 1276
696 1160
580 1740
870 870

436
654 1308
872 872

437
798 966
874 874

438
730 1095
584 1752
657 1314
876 876

439
878 878

440
682 1240
840 924
760 1045
715 1144
792 990
616 1540
600 1650
660 1320
640 1408
880 880

441
784 1008
630 1470
588 1764
882 882

442
611 1598
731 1118
780 1020
663 1326
884 884

443
886 886

444
588 1813
777 1036
740 1110
592 1776
666 1332
888 888

445
890 890

446
669 1338
892 892

447
596 1788
894 894

448
644 1472
840 960
704 1232
576 2016
672 1344
896 896

449
898 898

450
774 1075
612 1700
855 950
585 1950
825 990
630 1575
700 1260
600 1800
675 1350
720 1200
750 1125
900 900

451
902 902

452
678 1356
904 904

453
604 1812
906 906

454
681 1362
908 908

455
624 1680
630 1638
780 1092
700 1300
910 910

456
817 1032
744 1178
600 1900
627 1672
798 1064
760 1140
608 1824
648 1539
684 1368
912 912

457
914 914

458
687 1374
916 916

459
748 1188
702 1326
612 1836
918 918

460
860 989
660 1518
828 1035
644 1610
690 1380
920 920

461
922 922

462
658 1551
903 946
609 1914
825 1050
714 1309
858 1001
660 1540
770 1155
616 1848
693 1386
704 1344
756 1188
924 924

463
926 926

464
720 1305
696 1392
928 928

465
690 1426
744 1240
620 1860
930 930

466
699 1398
932 932

467
934 934

468
637 1764
630 1820
806 1116
900 975
684 1482
612 1989
792 1144
819 1092
780 1170
624 1872
676 1521
702 1404
936 936

469
938 938

470
658 1645
705 1410
940 940

471
628 1884
942 942

472
708 1416
944 944

473
946 946

474
790 1185
632 1896
711 1422
948 948

475
836 1100
950 950

476
765 1260
868 1054
748 1309
672 1632
714 1428
952 952

477
636 1908
954 954

478
717 1434
956 956

479
958 958

480
705 1504
930 992
736 1380
680 1632
780 1248
660 1760
880 1056
630 2016
672 1680
840 1120
640 1920
720 1440
768 1280
800 1200
864 1080
960 960

481
650 1850
962 962

482
723 1446
964 964

483
924 1012
690 1610
644 1932
966 966

484
660 1815
726 1452
968 968

485
970 970

486
810 1215
648 1944
729 1458
972 972

487
974 974

488
732 1464
976 976

489
652 1956
978 978

490
665 1862
833 1190
735 1470
840 1176
686 1715
980 980

491
982 982

492
861 1148
820 1230
656 1968
738 1476
984 984

493
782 1334
986 986

494
663 1938
855 1170
741 1482
832 1216
988 988

495
858 1170
720 1584
770 1386
792 1320
660 1980
900 1100
990 990

496
752 1457
744 1488
992 992

497
994 994

498
830 1245
664 1992
747 1494
996 996

499
998 998

500
900 1125
700 1750
750 1500
1000 1000

501
668 2004
1002 1002

502
753 1506
1004 1004

503
1006 1006

504
696 1827
700 1800
828 1288
798 1368
952 1071
728 1638
693 1848
936 1092
792 1386
720 1680
840 1260
945 1080
672 2016
756 1512
882 1176
896 1152
1008 1008

505
1010 1010

506
990 1035
748 1564
759 1518
1012 1012

507
1014 1014

508
762 1524
1016 1016

509
1018 1018

510
735 1666
799 1410
690 1955
935 1122
714 1785
765 1530
810 1377
816 1360
850 1275
960 1088
1020 1020

511
1022 1022

512
768 1536
1024 1024

513
874 1242
756 1596
1026 1026

514
771 1542
1028 1028

515
1030 1030

516
903 1204
860 1290
774 1548
1032 1032

517
1034 1034

518
714 1887
777 1554
1036 1036

519
1038 1038

520
858 1320
920 1196
840 1365
720 1872
936 1170
728 1820
780 1560
845 1352
1040 1040

521
1042 1042

522
846 1363
870 1305
783 1566
1044 1044

523
1046 1046

524
786 1572
1048 1048

525
966 1150
770 1650
840 1400
900 1260
750 1750
1050 1050

526
789 1578
1052 1052

527
816 1488
1054 1054

528
784 1617
770 1680
1012 1104
912 1254
816 1496
924 1232
720 1980
880 1320
726 1936
792 1584
891 1296
1056 1056

529
1058 1058

530
742 1855
795 1590
1060 1060

531
1062 1062

532
893 1316
924 1254
728 1976
836 1463
798 1596
1064 1064

533
1066 1066

534
890 1335
801 1602
1068 1068

535
1070 1070

536
804 1608
1072 1072

537
1074 1074

538
807 1614
1076 1076

539
882 1386
1078 1078

540
940 1269
740 1998
783 1740
765 1836
1026 1140
780 1755
990 1188
756 1890
840 1512
945 1260
810 1620
864 1440
900 1350
972 1215
1080 1080

541
1082 1082

542
813 1626
1084 1084

543
1086 1086

544
833 1568
1056 1122
800 1700
816 1632
1088 1088

545
1090 1090

546
987 1222
798 1729
884 1428
780 1820
840 1560
910 1365
819 1638
1014 1183
1053 1134
1092 1092

547
1094 1094

548
822 1644
1096 1096

549
1098 1098

550
1034 1175
1050 1155
792 1800
770 1925
825 1650
800 1760
1100 1100

551
912 1392
1102 1102

552
1081 1128
840 1610
966 1288
920 1380
828 1656
1104 1104

553
1106 1106

554
831 1662
1108 1108

555
780 1924
888 1480
1110 1110

556
834 1668
1112 1112

557
1114 1114

558
882 1519
930 1395
837 1674
1116 1116

559
1118 1118

560
816 1785
805 1840
952 1360
910 1456
880 1540
1008 1260
840 1680
960 1344
1050 1200
784 1960
1120 1120

561
850 1650
924 1428
1122 1122

562
843 1686
1124 1124

563
1126 1126

564
987 1316
940 1410
846 1692
1128 1128

565
1130 1130

566
849 1698
1132 1132

567
1008 1296
810 1890
1134 1134

568
852 1704
1136 1136

569
1138 1138

570
795 2014
931 1470
870 1653
1020 1292
1045 1254
798 1995
855 1710
912 1520
950 1425
1140 1140

571
1142 1142

572
814 1924
910 1540
858 1716
1056 1248
1144 1144

573
1146 1146

574
861 1722
1148 1148

575
1104 1200
1150 1150

576
900 1600
1088 1224
832 1872
1008 1344
960 1440
864 1728
1152 1152

577
1154 1154

578
867 1734
1156 1156

579
1158 1158

580
980 1421
1044 1305
870 1740
1160 1160

581
1162 1162

582
970 1455
873 1746
1164 1164

583
1166 1166

584
876 1752
1168 1168

585
1092 1260
990 1430
910 1638
936 1560
1170 1170

586
879 1758
1172 1172

587
1174 1174

588
931 1596
1092 1274
924 1617
840 1960
980 1470
882 1764
1029 1372
1176 1176

589
950 1550
1178 1178

590
885 1770
1180 1180

591
1182 1182

592
848 1961
888 1776
1184 1184

593
1186 1186

594
1078 1323
957 1566
918 1683
990 1485
1080 1320
891 1782
1188 1188

595
884 1820
1020 1428
1190 1190

596
894 1788
1192 1192

597
1194 1194

598
1127 1274
936 1656
897 1794
1196 1196

599
1198 1198

600
1176 1225
888 1850
920 1725
975 1560
1100 1320
1050 1400
900 1800
960 1600
1000 1500
1080 1350
1200 1200

601
1202 1202

602
903 1806
1204 1204

603
1206 1206

604
906 1812
1208 1208

605
880 1936
1210 1210

606
1010 1515
909 1818
1212 1212

607
1214 1214

608
969 1632
1120 1330
912 1824
1216 1216

609
1050 1450
1218 1218

610
915 1830
1220 1220

611
1222 1222

612
901 1908
1190 1260
1044 1479
884 1989
936 1768
1071 1428
1020 1530
918 1836
1224 1224

613
1226 1226

614
921 1842
1228 1228

615
984 1640
1230 1230

616
1100 1400
1064 1463
1155 1320
1008 1584
924 1848
968 1694
1232 1232

617
1234 1234

618
1030 1545
927 1854
1236 1236

619
1238 1238

620
1020 1581
1116 1395
930 1860
1240 1240

621
1150 1350
1242 1242

622
933 1866
1244 1244

623
1246 1246

624
962 1776
1131 1392
1200 1300
912 1976
1008 1638
1092 1456
1040 1560
936 1872
1248 1248

625
1250 1250

626
939 1878
1252 1252

627
988 1716
990 1710
1254 1254

628
942 1884
1256 1256

629
918 1998
1258 1258

630
954 1855
930 1953
1218 1305
1035 1610
1197 1330
1071 1530
924 1980
1170 1365
1155 1386
945 1890
980 1764
1008 1680
1050 1575
1080 1512
1120 1440
1260 1260

631
1262 1262

632
948 1896
1264 1264

633
1266 1266

634
951 1902
1268 1268

635
1270 1270

636
1113 1484
1060 1590
954 1908
1272 1272

637
980 1820
1274 1274

638
1122 1479
957 1914
1276 1276

639
1278 1278

640
1040 1664
1152 1440
960 1920
1280 1280

641
1282 1282

642
1070 1605
963 1926
1284 1284

643
1286 1286

644
1173 1428
1036 1702
1012 1771
966 1932
1288 1288

645
1032 1720
1290 1290

646
1007 1802
1224 1368
969 1938
1292 1292

647
1294 1294

648
1224 1377
1134 1512
1080 1620
972 1944
1296 1296

649
1298 1298

650
1275 1326
1150 1495
988 1900
975 1950
1300 1300

651
1092 1612
1302 1302

652
978 1956
1304 1304

653
1306 1306

654
1090 1635
981 1962
1308 1308

655
1310 1310

656
984 1968
1312 1312

657
1314 1314

658
987 1974
1316 1316

659
1318 1318

660
1060 1749
1110 1628
1023 1860
1265 1380
1020 1870
1144 1560
1155 1540
1260 1386
990 1980
1056 1760
1100 1650
1188 1485
1210 1452
1320 1320

661
1322 1322

662
993 1986
1324 1324

663
1170 1530
1326 1326

664
996 1992
1328 1328

665
1026 1890
1140 1596
1330 1330

666
1110 1665
999 1998
1332 1332

667
1196 1508
1334 1334

668
1002 2004
1336 1336

669
1338 1338

670
1005 2010
1340 1340

671
1342 1342

672
1113 1696
1184 1554
1064 1824
1248 1456
1056 1848
1120 1680
1260 1440
1008 2016
1176 1568
1344 1344

673
1346 1346

674
1011 2022
1348 1348

675
1300 1404
1050 1890
1080 1800
1350 1350

676
1352 1352

677
1354 1354

678
1130 1695
1356 1356

679
1358 1358

680
1258 1480
1080 1836
1105 1768
1224 1530
1360 1360

681
1362 1362

682
1166 1643
1364 1364

683
1366 1366

684
1045 1980
1332 1406
1116 1767
1197 1596
1140 1710
1368 1368

685
1370 1370

686
1372 1372

687
1374 1374

688
1376 1376

689
1378 1378

690
1219 1590
1140 1748
1265 1518
1104 1840
1150 1725
1380 1380

691
1382 1382

692
1384 1384

693
1056 2016
1260 1540
1232 1584
1134 1782
1386 1386

694
1388 1388

695
1390 1390

696
1272 1537
1218 1624
1160 1740
1392 1392

697
1394 1394

698
1396 1396

699
1398 1398

700
1325 1484
1092 1950
1190 1700
1100 1925
1260 1575
1200 1680
1400 1400

701
1402 1402

702
1378 1431
1209 1674
1188 1716
1170 1755
1404 1404

703
1406 1406

704
1188 1728
1216 1672
1408 1408

705
1128 1880
1410 1410

706
1412 1412

707
1414 1414

708
1239 1652
1180 1770
1416 1416

709
1418 1418

710
1420 1420

711
1422 1422

712
1424 1424

713
1242 1674
1426 1426

714
1155 1870
1302 1581
1292 1596
1326 1547
1190 1785
1428 1428

715
1320 1560
1430 1430

716
1432 1432

717
1434 1434

718
1436 1436

719
1438 1438

720
1395 1488
1368 1520
1360 1530
1170 1872
1320 1584
1120 2016
1260 1680
1125 2000
1152 1920
1200 1800
1296 1620
1440 1440

721
1442 1442

722
1444 1444

723
1446 1446

724
1448 1448

725
1350 1566
1450 1450

726
1210 1815
1452 1452

727
1454 1454

728
1404 1512
1365 1560
1144 2002
1176 1911
1456 1456

729
1458 1458

730
1460 1460

731
1462 1462

732
1281 1708
1220 1830
1464 1464

733
1466 1466

734
1468 1468

735
1176 1960
1260 1764
1470 1470

736
1265 1760
1248 1794
1472 1472

737
1474 1474

738
1230 1845
1476 1476

739
1478 1478

740
1332 1665
1480 1480

741
1248 1824
1482 1482

742
1484 1484

743
1486 1486

744
1320 1705
1302 1736
1240 1860
1488 1488

745
1490 1490

746
1492 1492

747
1494 1494

748
1326 1716
1232 1904
1496 1496

749
1498 1498

750
1375 1650
1200 2000
1250 1875
1500 1500

751
1502 1502

752
1504 1504

753
1506 1506

754
1430 1595
1508 1508

755
1510 1510

756
1485 1540
1242 1932
1404 1638
1260 1890
1323 1764
1344 1728
1512 1512

757
1514 1514

758
1516 1516

759
1288 1848
1518 1518

760
1482 1560
1235 1976
1368 1710
1520 1520

761
1522 1522

762
1270 1905
1524 1524

763
1526 1526

764
1528 1528

765
1440 1632
1530 1530

766
1532 1532

767
1534 1534

768
1344 1792
1280 1920
1536 1536

769
1538 1538

770
1254 1995
1309 1870
1260 1980
1320 1848
1470 1617
1375 1750
1540 1540

771
1542 1542

772
1544 1544

773
1546 1546

774
1290 1935
1548 1548

775
1400 1736
1550 1550

776
1552 1552

777
1554 1554

778
1556 1556

779
1558 1558

780
1380 1794
1287 1980
1430 1716
1365 1820
1456 1680
1300 1950
1404 1755
1500 1625
1560 1560

781
1562 1562

782
1311 1938
1360 1840
1564 1564

783
1512 1624
1566 1566

784
1470 1680
1568 1568

785
1570 1570

786
1310 1965
1572 1572

787
1574 1574

788
1576 1576

789
1578 1578

790
1580 1580

791
1582 1582

792
1518 1656
1368 1881
1496 1683
1386 1848
1320 1980
1440 1760
1584 1584

793
1586 1586

794
1588 1588

795
1590 1590

796
1592 1592

797
1594 1594

798
1482 1729
1386 1881
1330 1995
1520 1680
1596 1596

799
1598 1598

800
1425 1824
1440 1800
1600 1600

801
1602 1602

802
1604 1604

803
1606 1606

804
1407 1876
1340 2010
1608 1608

805
1380 1932
1610 1610

806
1482 1767
1612 1612

807
1614 1614

808
1616 1616

809
1618 1618

810
1539 1710
1485 1782
1620 1620

811
1622 1622

812
1596 1653
1624 1624

813
1626 1626

814
1628 1628

815
1630 1630

816
1394 1968
1392 1972
1584 1683
1428 1904
1632 1632

817
1634 1634

818
1636 1636

819
1386 2002
1456 1872
1638 1638

820
1476 1845
1640 1640

821
1642 1642

822
1644 1644

823
1646 1646

824
1648 1648

825
1450 1914
1430 1950
1650 1650

826
1652 1652

827
1654 1654

828
1476 1886
1449 1932
1656 1656

829
1658 1658

830
1660 1660

831
1662 1662

832
1508 1856
1664 1664

833
1666 1666

834
1668 1668

835
1670 1670

836
1558 1804
1672 1672

837
1566 1798
1674 1674

838
1676 1676

839
1678 1678

840
1640 1722
1624 1740
1560 1820
1540 1848
1440 2016
1470 1960
1512 1890
1575 1800
1680 1680

841
1682 1682

842
1684 1684

843
1686 1686

844
1688 1688

845
1690 1690

846
1692 1692

847
1694 1694

848
1696 1696

849
1698 1698

850
1475 2006
1700 1700

851
1702 1702

852
1491 1988
1704 1704

853
1706 1706

854
1708 1708

855
1530 1938
1710 1710

856
1712 1712

857
1714 1714

858
1534 1947
1584 1872
1716 1716

859
1718 1718

860
1548 1935
1720 1720

861
1722 1722

862
1724 1724

863
1726 1726

864
1593 1888
1632 1836
1512 2016
1728 1728

865
1730 1730

866
1732 1732

867
1734 1734

868
1652 1829
1736 1736

869
1738 1738

870
1711 1770
1595 1914
1740 1740

871
1742 1742

872
1744 1744

873
1746 1746

874
1596 1932
1748 1748

875
1750 1750

876
1752 1752

877
1754 1754

878
1756 1756

879
1758 1758

880
1680 1848
1584 1980
1760 1760

881
1762 1762

882
1638 1911
1568 2016
1764 1764

883
1766 1766

884
1768 1768

885
1770 1770

886
1772 1772

887
1774 1774

888
1776 1776

889
1778 1778

890
1780 1780

891
1620 1980
1782 1782

892
1784 1784

893
1786 1786

894
1788 1788

895
1790 1790

896
1680 1920
1792 1792

897
1794 1794

898
1796 1796

899
1740 1860
1798 1798

900
1710 1900
1650 1980
1800 1800

901
1802 1802

902
1804 1804

903
1806 1806

904
1808 1808

905
1810 1810

906
1812 1812

907
1814 1814

908
1816 1816

909
1818 1818

910
1755 1890
1820 1820

911
1822 1822

912
1680 1995
1824 1824

913
1826 1826

914
1828 1828

915
1830 1830

916
1832 1832

917
1834 1834

918
1785 1890
1836 1836

919
1838 1838

920
1720 1978
1840 1840

921
1842 1842

922
1844 1844

923
1846 1846

924
1708 2013
1806 1892
1771 1932
1716 2002
1848 1848

925
1850 1850

926
1852 1852

927
1854 1854

928
1769 1952
1856 1856

929
1858 1858

930
1830 1891
1860 1860

931
1862 1862

932
1864 1864

933
1866 1866

934
1868 1868

935
1870 1870

936
1800 1950
1768 1989
1872 1872

937
1874 1874

938
1876 1876

939
1878 1878

940
1880 1880

941
1882 1882

942
1884 1884

943
1886 1886

944
1888 1888

945
1890 1890

946
1892 1892

947
1894 1894

948
1896 1896

949
1898 1898

950
1900 1900

951
1902 1902

952
1904 1904

953
1906 1906

954
1908 1908

955
1910 1910

956
1912 1912

957
1914 1914

958
1916 1916

959
1918 1918

960
1860 1984
1920 1920

961
1922 1922

962
1924 1924

963
1926 1926

964
1928 1928

965
1930 1930

966
1932 1932

967
1934 1934

968
1936 1936

969
1938 1938

970
1940 1940

971
1942 1942

972
1944 1944

973
1946 1946

974
1948 1948

975
1950 1950

976
1952 1952

977
1954 1954

978
1956 1956

979
1958 1958

980
1960 1960

981
1962 1962

982
1964 1964

983
1966 1966

984
1968 1968

985
1970 1970

986
1972 1972

987
1974 1974

988
1976 1976

989
1978 1978

990
1980 1980

991
1982 1982

992
1953 2016
1984 1984

993
1986 1986

994
1988 1988

995
1990 1990

996
1992 1992

997
1994 1994

998
1996 1996

999
1998 1998

1000
2000 2000

1001
2002 2002

1002
2004 2004

1003
2006 2006

1004
2008 2008

1005
2010 2010

1006
2012 2012

1007
2014 2014

1008
2016 2016

1009
2018 2018

1010
2020 2020

1011
2022 2022

